Time(s) - vin	Amplitude(v) - vin	Time(s) - twi	Amplitude(v) - twi	Time(s) - woo	Amplitude(v) - woo	
0	-0,0718507	0	-0,226794	0	0,129156	
5E-6	-0,154637	5E-6	-0,249665	5E-6	0,0801931	
1E-5	-0,231303	1E-5	-0,261905	1E-5	0,0280085	
1,5E-5	-0,299594	1,5E-5	-0,263838	1,5E-5	-0,0254645	
2E-5	-0,355644	2E-5	-0,255785	2E-5	-0,077649	
2,5E-5	-0,399131	2,5E-5	-0,242256	2,5E-5	-0,126612	
3E-5	-0,428767	3E-5	-0,216808	3E-5	-0,17171	
3,5E-5	-0,445517	3,5E-5	-0,183629	3,5E-5	-0,210365	
4E-5	-0,436176	4E-5	-0,146584	4E-5	-0,240323	
4,5E-5	-0,420714	4,5E-5	-0,0995536	4,5E-5	-0,262872	
5E-5	-0,386246	5E-5	-0,0502682	5E-5	-0,275435	
5,5E-5	-0,337927	5,5E-5	-0,000982856	5,5E-5	-0,278334	
6E-5	-0,278978	6E-5	0,0505574	6E-5	-0,270281	
6,5E-5	-0,207466	6,5E-5	0,0998428	6,5E-5	-0,252564	
7E-5	-0,130478	7E-5	0,145907	7E-5	-0,225827	
7,5E-5	-0,0441478	7,5E-5	0,185528	7,5E-5	-0,190071	
8E-5	0,0386387	8E-5	0,217097	8E-5	-0,148517	
8,5E-5	0,121425	8,5E-5	0,245444	8,5E-5	-0,101164	
9E-5	0,200024	9E-5	0,258651	9E-5	-0,049624	
9,5E-5	0,272503	9,5E-5	0,265738	9,5E-5	0,00352692	
1E-4	0,332418	1E-4	0,261873	1E-4	0,0563557	
0,000105	0,383314	0,000105	0,24931	0,000105	0,10693	
0,00011	0,418748	0,00011	0,229982	0,00011	0,15396	
0,000115	0,435499	0,000115	0,196803	0,000115	0,194548	
0,00012	0,442264	0,00012	0,162657	0,00012	0,229016	
0,000125	0,428734	0,000125	0,118848	0,000125	0,254786	
0,00013	0,400387	0,00013	0,072462	0,00013	0,271214	
0,000135	0,359477	0,000135	0,021566	0,000135	0,277657	
0,00014	0,30536	0,00014	-0,0299742	0,00014	0,273791	
0,000145	0,237713	0,000145	-0,0792596	0,000145	0,260584	
0,00015	0,16298	0,00015	-0,125324	0,00015	0,237069	
0,000155	0,0785824	0,000155	-0,164623	0,000155	0,204856	
0,00016	-0,00678113	0,00016	-0,20199	0,00016	0,166201	
0,000165	-0,0898898	0,000165	-0,23388	0,000165	0,120137	
0,00017	-0,171388	0,00017	-0,250309	0,00017	0,069885	
0,000175	-0,241933	0,000175	-0,261261	0,000175	0,0180226	
0,00018	-0,310224	0,00018	-0,262227	0,00018	-0,0364168	
0,000185	-0,364342	0,000185	-0,254496	0,000185	-0,0876349	
0,00019	-0,407506	0,00019	-0,236135	0,00019	-0,135954	
0,000195	-0,435209	0,000195	-0,21262	0,000195	-0,180407	
0,0002	-0,443585	0,0002	-0,17622	0,0002	-0,217452	
0,000205	-0,436176	0,000205	-0,133699	0,000205	-0,246121	
0,00021	-0,415882	0,00021	-0,0892455	0,00021	-0,266415	
0,000215	-0,376904	0,000215	-0,0383495	0,000215	-0,277367	
0,00022	-0,326653	0,00022	0,00996945	0,00022	-0,277045	
0,000225	-0,263838	0,000225	0,0605433	0,000225	-0,267381	
0,00023	-0,191682	0,00023	0,109184	0,00023	-0,248376	
0,000235	-0,11115	0,000235	0,152994	0,000235	-0,219063	
0,00024	-0,0290079	0,00024	0,191649	0,00024	-0,18234	
0,000245	0,0573221	0,000245	0,223217	0,000245	-0,138853	
0,00025	0,138176	0,00025	0,244478	0,00025	-0,090534	
0,000255	0,216453	0,000255	0,262195	0,000255	-0,0383495	
0,00026	0,282811	0,00026	0,263805	0,00026	0,0141571	
0,000265	0,345303	0,000265	0,260584	0,000265	0,0666637	
0,00027	0,39169	0,00027	0,246088	0,00027	0,116271	
0,000275	0,42358	0,000275	0,222895	0,000275	0,162657	
0,00028	0,439687	0,00028	0,193582	0,00028	0,202601	
0,000285	0,440653	0,000285	0,154604	0,000285	0,235136	
0,00029	0,422292	0,00029	0,10854	0,00029	0,258973	
0,000295	0,395233	0,000295	0,0618318	0,000295	0,273147	
0,0003	0,34788	0,0003	0,0109358	0,0003	0,277335	
0,000305	0,291186	0,000305	-0,0393159	0,000305	0,271858	
0,00031	0,220962	0,00031	-0,0892455	0,00031	0,25543	
0,000315	0,143008	0,000315	-0,134665	0,000315	0,230304	
0,00032	0,0637646	0,00032	-0,177186	0,00032	0,197125	
0,000325	-0,0244981	0,000325	-0,211976	0,000325	0,155893	
0,00033	-0,108895	0,00033	-0,237746	0,00033	0,110151	
0,000335	-0,184917	0,000335	-0,257396	0,000335	0,0589327	
0,00034	-0,25804	0,00034	-0,264804	0,00034	0,00610393	
0,000345	-0,325364	0,000345	-0,263194	0,000345	-0,0473691	
0,00035	-0,377871	0,00035	-0,254496	0,00035	-0,097943	
0,000355	-0,409439	0,000355	-0,231625	0,000355	-0,146262	
0,00036	-0,435209	0,00036	-0,205211	0,00036	-0,188783	
0,000365	-0,448417	0,000365	-0,167522	0,000365	-0,224539	
0,00037	-0,435531	0,00037	-0,125324	0,00037	-0,251597	
0,000375	-0,40654	0,000375	-0,0782932	0,000375	-0,269636	
0,00038	-0,368207	0,00038	-0,0283636	0,00038	-0,278012	
0,000385	-0,312479	0,000385	0,0225324	0,000385	-0,275435	
0,00039	-0,249665	0,00039	0,072462	0,00039	-0,263838	
0,000395	-0,176864	0,000395	0,118526	0,000395	-0,242256	
0,0004	-0,0934332	0,0004	0,162335	0,0004	-0,211654	
0,000405	-0,0100024	0,000405	0,199702	0,000405	-0,173965	
0,00041	0,0743948	0,00041	0,229016	0,00041	-0,128867	
0,000415	0,154926	0,000415	0,249954	0,000415	-0,0792596	
0,00042	0,232559	0,00042	0,262839	0,00042	-0,0273972	
0,000425	0,300206	0,000425	0,264127	0,000425	0,0257537	
0,00043	0,354967	0,00043	0,257685	0,00043	0,0782603	
0,000435	0,398454	0,000435	0,240934	0,000435	0,127224	
0,00044	0,425191	0,00044	0,218063	0,00044	0,171677	
0,000445	0,441941	0,000445	0,18424	0,000445	0,210332	
0,00045	0,436787	0,00045	0,144618	0,00045	0,240612	
0,000455	0,421647	0,000455	0,0972658	0,000455	0,262839	
0,00046	0,386214	0,00046	0,0508795	0,00046	0,274758	
0,000465	0,335962	0,000465	-0,000660729	0,000465	0,277012	
0,00047	0,276046	0,00047	-0,0518789	0,00047	0,268637	
0,000475	0,203245	0,000475	-0,0989093	0,000475	0,25092	
0,00048	0,12368	0,00048	-0,146584	0,00048	0,224828	
0,000485	0,0428264	0,000485	-0,183951	0,000485	0,18875	
0,00049	-0,0415708	0,00049	-0,218096	0,00049	0,146873	
0,000495	-0,124679	0,000495	-0,241289	0,000495	0,0988764	
