Time(s) - vin	Amplitude(v) - vin	Time(s) - twi	Amplitude(v) - twi	Time(s) - woo	Amplitude(v) - woo	
0	-0,0782932	0	-0,225505	0	0,106285	
3,3E-6	-0,211976	3,3E-6	-0,29895	3,3E-6	0,0689186	
6,6E-6	-0,318277	6,6E-6	-0,340182	6,6E-6	0,0257537	
9,9E-6	-0,396232	9,9E-6	-0,352423	9,9E-6	-0,0199883	
1,32E-5	-0,436498	1,32E-5	-0,331807	1,32E-5	-0,0644418	
1,65E-5	-0,439719	1,65E-5	-0,278656	1,65E-5	-0,102453	
1,98E-5	-0,394299	1,98E-5	-0,19748	1,98E-5	-0,1308	
2,31E-5	-0,318277	2,31E-5	-0,0960102	2,31E-5	-0,146584	
2,64E-5	-0,202312	2,64E-5	0,0125465	2,64E-5	-0,147873	
2,97E-5	-0,0734613	2,97E-5	0,121103	2,97E-5	-0,13531	
3,3E-5	0,0634425	3,3E-5	0,217097	3,3E-5	-0,109862	
3,63E-5	0,194226	3,63E-5	0,292797	3,63E-5	-0,0744277	
3,96E-5	0,304393	3,96E-5	0,343049	3,96E-5	-0,0306185	
4,29E-5	0,388146	4,29E-5	0,355289	4,29E-5	0,0154456	
4,62E-5	0,435177	4,62E-5	0,33564	4,62E-5	0,0602212	
4,95E-5	0,436787	4,95E-5	0,285066	4,95E-5	0,0988764	
5,28E-5	0,398776	5,28E-5	0,207433	5,28E-5	0,12819	
5,61E-5	0,324043	5,61E-5	0,109184	5,61E-5	0,144618	
5,94E-5	0,215164	5,94E-5	-0,000338603	5,94E-5	0,148484	
6,27E-5	0,0856692	6,27E-5	-0,109217	6,27E-5	0,137209	
6,6E-5	-0,0489797	6,6E-5	-0,208754	6,6E-5	0,11305	
6,93E-5	-0,182018	6,93E-5	-0,28381	6,93E-5	0,0779382	
7,26E-5	-0,297983	7,26E-5	-0,33535	7,26E-5	0,0354175	
7,59E-5	-0,383669	7,59E-5	-0,353389	7,59E-5	-0,0106467	
7,92E-5	-0,433277	7,92E-5	-0,341793	7,92E-5	-0,0557444	
8,25E-5	-0,44133	8,25E-5	-0,287998	8,25E-5	-0,0950438	
8,58E-5	-0,408795	8,58E-5	-0,213908	8,58E-5	-0,125646	
8,91E-5	-0,333095	8,91E-5	-0,117915	8,91E-5	-0,144007	
9,24E-5	-0,232592	9,24E-5	-0,00839177	9,24E-5	-0,149483	
9,57E-5	-0,101164	9,57E-5	0,100487	9,57E-5	-0,139497	
9,9E-5	0,0357396	9,9E-5	0,198736	9,9E-5	-0,115982	
0,000102	0,168778	0,000102	0,278623	0,000102	-0,0818366	
0,000106	0,287321	0,000106	0,333707	0,000106	-0,0399602	
0,000109	0,374617	0,000109	0,354323	0,000109	0,00610393	
0,000112	0,427768	0,000112	0,340149	0,000112	0,0515238	
0,000115	0,440009	0,000115	0,29634	0,000115	0,0917896	
0,000119	0,411017	0,000119	0,225472	0,000119	0,123036	
0,000122	0,342726	0,000122	0,128512	0,000122	0,142364	
0,000125	0,238679	0,000125	0,0222103	0,000125	0,148162	
0,000129	0,113694	0,000129	-0,087957	0,000129	0,140109	
0,000132	-0,0225653	0,000132	-0,186528	0,000132	0,118526	
0,000135	-0,153027	0,000135	-0,270925	0,000135	0,0853471	
0,000139	-0,275435	0,000139	-0,327941	0,000139	0,0437927	
0,000142	-0,364664	0,000142	-0,352101	0,000142	-0,00162711	
0,000145	-0,423935	0,000145	-0,342437	0,000145	-0,0467248	
0,000148	-0,441652	0,000148	-0,305392	0,000148	-0,0876349	
0,000152	-0,413305	0,000152	-0,23227	0,000152	-0,120492	
0,000155	-0,348235	0,000155	-0,138209	0,000155	-0,14143	
0,000158	-0,250309	0,000158	-0,0302964	0,000158	-0,148517	
0,000162	-0,12629	0,000162	0,0801931	0,000162	-0,142396	
0,000165	0,00739244	0,000165	0,180052	0,000165	-0,121136	
0,000168	0,145263	0,000168	0,26606	0,000168	-0,0892455	
0,000172	0,26445	0,000172	0,325009	0,000172	-0,0486576	
0,000175	0,355289	0,000175	0,351102	0,000175	-0,00323774	
0,000178	0,418426	0,000178	0,345948	0,000178	0,0425042	
0,000181	0,439042	0,000181	0,308259	0,000181	0,0840586	
0,000185	0,420681	0,000185	0,240612	0,000185	0,11756	
0,000188	0,357544	0,000188	0,148484	0,000188	0,139464	
0,000191	0,261228	0,000191	0,0447591	0,000191	0,148806	
0,000195	0,140431	0,000195	-0,0644418	0,000195	0,143008	
