Frequency - Plot 0	Voltage(V) - Plot 0	
6000,12	0,425261	
6000,02	0,425055	
6000	0,424919	
6000,06	0,425113	
5999,98	0,425103	
5999,98	0,425269	
6000,04	0,425328	
5999,99	0,425344	
5999,93	0,425271	
6000,01	0,42511	
5999,94	0,425317	
6000,1	0,425177	
5999,97	0,425061	
5999,94	0,425292	
5999,99	0,424936	
6000,07	0,425116	
5999,96	0,425115	
6000,09	0,425247	
6000	0,425125	
5999,96	0,425157	
6000,03	0,424956	
6000,01	0,42506	
5999,98	0,424864	
5999,96	0,424995	
6000,05	0,425227	
6000,01	0,425291	
6000	0,425348	
5999,99	0,425361	
5999,88	0,425461	
6000,08	0,425143	
6000,04	0,425381	
6000,01	0,425278	
6000	0,425145	
6000,03	0,425146	
5999,98	0,425166	
6000,01	0,424931	
5999,95	0,42517	
5999,92	0,425437	
6000,04	0,425274	
6000	0,42513	
6000,01	0,425235	
5999,99	0,425103	
5999,96	0,425091	
5999,98	0,425198	
5999,94	0,425198	
5999,98	0,42546	
6000,06	0,425082	
6000,08	0,425276	
6000,03	0,424882	
5999,94	0,425087	
6000,01	0,425074	
6000,04	0,425272	
5999,96	0,425076	
6000,04	0,425085	
6000,02	0,425257	
6000,07	0,425017	
5999,97	0,425156	
5999,99	0,425171	
6000,07	0,425596	
6000,08	0,425359	
6000,05	0,42537	
5999,98	0,425116	
6000,02	0,425191	
5999,92	0,425191	
5999,95	0,425336	
6000,02	0,425255	
5999,96	0,425175	
6000,05	0,425464	
5999,91	0,425047	
5999,93	0,425388	
6000	0,425131	
5999,95	0,42536	
6000,01	0,425341	
6000,02	0,425219	
6000,05	0,424961	
5999,99	0,425112	
6000,08	0,425246	
6000,09	0,425264	
5999,9	0,425255	
5999,97	0,425144	
6000,08	0,42534	
5999,93	0,42542	
5999,96	0,42524	
6000,11	0,425305	
6000,03	0,425153	
5999,97	0,425313	
5999,98	0,425128	
6000,05	0,425163	
6000,01	0,425344	
6000,07	0,425152	
6000,08	0,42512	
6000	0,42507	
6000,03	0,425166	
6000,01	0,425133	
5999,98	0,425121	
5999,97	0,425286	
5999,95	0,424974	
6000,04	0,42526	
5999,9	0,425338	
6000	0,425232	
5999,99	0,42506	
5999,97	0,42511	
6000,03	0,425038	
6000,02	0,425189	
6000,04	0,425161	
5999,97	0,425078	
6000,09	0,425222	
6000,04	0,425228	
6000,1	0,425174	
6000	0,425371	
6000,02	0,425213	
6000,05	0,425478	
6000,12	0,4253	
6000,03	0,425025	
6000,02	0,425429	
5999,93	0,42544	
6000,08	0,425318	
6000,04	0,425368	
6000,03	0,425526	
6000,03	0,424876	
5999,98	0,425106	
5999,99	0,425051	
5999,94	0,425368	
6000,04	0,425357	
6000,04	0,42518	
5999,99	0,425172	
5999,94	0,425174	
6000	0,425483	
6000,02	0,425198	
5999,94	0,425291	
5999,98	0,425334	
6000,03	0,425372	
6000	0,425391	
5999,97	0,425183	
5999,91	0,425239	
6000,05	0,425285	
6000	0,425159	
6000	0,42516	
6000,07	0,425197	
6000,01	0,424756	
5999,94	0,425156	
6000	0,425228	
5999,95	0,425215	
6000,08	0,425308	
6000,02	0,425319	
6000,03	0,424978	
6000,06	0,425167	
6000,12	0,425223	
6000,07	0,424897	
5999,96	0,425114	
6000	0,425227	
