Frequency - Plot 0	Phase - Plot 0	
10000	-2,87505	
10000,1	-3,48993	
10000,1	-3,39041	
9999,95	-2,9822	
10000,1	-3,37688	
10000,1	-3,07618	
10000,1	-3,27489	
10000,1	-2,95979	
10000,1	-3,08301	
10000,1	-3,07113	
10000	-2,91957	
10000,1	-3,05026	
10000,1	-3,12783	
10000,1	-3,16781	
10000,1	-2,86719	
9999,92	-3,09291	
10000,1	-2,96173	
10000,1	-2,37485	
10000	-2,92291	
10000,1	-3,21195	
10000,1	-3,13741	
10000,1	-3,40802	
9999,99	-3,13359	
10000,1	-3,08549	
10000	-2,83428	
10000,1	-2,80734	
9999,95	-2,62715	
10000,1	-3,11322	
10000	-2,96279	
10000,1	-3,21451	
10000,1	-2,79732	
10000,1	-3,16434	
9999,95	-3,08259	
10000	-2,65556	
10000,1	-3,00375	
10000	-3,17901	
10000,1	-2,81473	
10000,1	-3,28227	
10000	-2,92203	
10000	-3,67174	
10000,1	-3,10639	
10000,1	-3,0184	
10000,1	-3,12076	
10000,2	-3,33873	
10000,1	-3,4729	
10000	-2,86529	
10000,1	-3,15255	
10000,1	-3,03611	
10000,1	-3,04382	
10000,2	-3,56218	
10000,1	-3,02557	
10000,1	-2,85571	
9999,97	-2,96628	
10000,1	-3,08648	
10000	-3,1309	
10000	-3,06891	
10000,1	-2,84862	
10000,1	-2,88207	
10000	-3,10008	
10000,2	-3,67464	
10000,1	-3,34496	
10000	-3,51525	
10000,1	-3,26986	
10000	-2,9322	
10000,1	-2,82031	
10000,1	-2,99872	
10000	-3,0445	
10000,1	-3,33532	
10000	-3,30444	
10000,1	-3,46467	
10000,1	-2,93644	
10000,2	-3,26149	
10000,1	-3,57845	
10000,1	-2,58295	
10000,1	-3,48984	
10000,1	-3,17641	
10000,1	-2,48901	
10000,1	-3,31589	
10000	-3,10204	
10000,1	-3,25136	
10000,1	-2,74515	
10000,1	-3,00725	
10000,1	-2,87578	
10000	-2,73687	
10000	-3,20924	
10000	-3,17584	
10000,2	-2,97915	
9999,98	-2,97204	
10000	-2,92833	
10000	-2,83229	
10000,1	-2,83455	
10000,1	-3,06977	
10000	-2,88822	
10000	-2,99453	
10000	-3,3767	
10000	-3,01889	
10000,1	-2,94825	
10000	-3,09781	
10000,1	-3,19382	
9999,98	-2,90965	
10000,1	-2,85824	
10000	-3,46467	
9999,99	-3,19826	
9999,96	-2,77342	
10000	-3,30082	
10000	-2,79719	
10000,1	-3,10133	
10000,1	-3,07935	
10000,1	-3,11009	
10000,1	-2,98679	
10000	-3,02789	
10000,1	-2,93185	
10000,1	-2,6843	
10000,1	-2,82209	
10000	-2,9977	
10000,1	-2,87613	
10000,1	-3,36401	
10000	-2,75447	
10000	-3,1815	
10000	-3,08221	
10000,1	-3,18468	
10000	-2,59872	
10000,1	-3,27022	
9999,97	-3,10626	
9999,98	-2,77954	
10000,1	-3,47987	
10000,1	-3,22009	
10000,1	-2,87296	
10000	-2,86764	
10000,1	-3,17041	
10000,1	-2,88223	
10000,1	-2,9417	
9999,99	-2,9087	
10000,1	-2,87047	
10000,1	-3,45299	
10000	-3,13819	
10000	-3,15309	
10000,1	-3,10657	
10000,1	-2,83503	
10000,1	-3,57731	
10000,1	-3,13143	
10000,1	-3,02418	
10000	-3,08177	
10000,1	-3,19767	
10000,1	-3,11911	
10000,1	-3,58924	
10000	-3,32789	
10000	-3,18982	
10000	-2,97394	
10000	-3,41111	
10000,1	-3,19038	
10000,1	-2,89819	
10000	-3,32444	
9999,99	-3,24086	
10000	-2,95394	
10000,1	-3,22206	
9999,95	-3,18892	
10000	-3,30677	
10000	-3,67224	
10000	-3,17007	
10000,1	-2,91067	
10000,1	-2,81825	
10000,1	-3,42946	
10000,1	-3,29532	
10000,1	-3,51184	
10000,1	-3,26608	
10000,1	-2,56367	
10000	-2,62041	
10000,2	-3,53141	
10000	-3,08758	
10000,1	-2,98257	
10000,2	-2,78968	
10000,1	-2,94752	
10000	-2,80906	
10000	-2,89673	
10000,1	-3,01407	
10000,1	-3,40921	
10000,1	-2,9518	
10000,1	-3,26787	
10000,1	-3,00835	
10000	-2,75201	
10000	-2,63904	
10000	-3,006	
10000	-3,393	
10000,1	-3,52689	
