Frequency - Plot 0	Phase - Plot 0	
1000,03	-3,94292	
1000,05	-3,94873	
1000,06	-3,96919	
1000,04	-4,10632	
1000,11	-3,96627	
1000,01	-3,88686	
1000,02	-3,97668	
1000,09	-3,92021	
999,98	-3,78418	
1000,01	-3,90321	
1000,08	-3,97721	
1000,07	-4,0702	
1000,12	-4,17246	
1000,03	-3,90922	
1000,03	-3,90337	
1000,01	-3,95794	
1000,06	-3,80119	
999,999	-3,96828	
1000,13	-3,98186	
1000,11	-4,12942	
1000,11	183,95	
1000,13	-3,92609	
1000,04	-4,05638	
1000,07	-4,38474	
1000,08	-3,92557	
1000,1	-3,99934	
1000,09	-4,02439	
1000,05	-4,13983	
1000,1	-4,21342	
1000,13	-4,05033	
1000,06	-3,7447	
1000	-3,77725	
1000,04	-4,10025	
1000,1	-4,121	
1000,04	-3,88661	
1000,06	-3,93234	
1000,05	-3,98045	
1000,09	-4,09338	
1000,07	-3,94766	
1000,07	-4,03301	
1000,08	-3,83328	
1000,05	-3,86717	
1000,05	-3,84239	
1000,06	-4,07439	
1000,06	-3,95615	
999,93	-3,84353	
1000,04	-4,02363	
1000	-3,8755	
1000,09	-3,92887	
1000,13	-4,16403	
1000,19	-4,09575	
1000,04	-4,1353	
1000,08	-3,87853	
1000,06	-4,32755	
1000,06	-4,18935	
1000,04	184,44	
1000,07	-3,9421	
1000,18	-4,05064	
1000,01	-3,96406	
1000	-3,71213	
1000,13	-4,03648	
1000,07	-3,94662	
1000,05	-3,97452	
999,973	-3,82112	
1000,15	-3,99755	
1000,05	-4,08691	
1000,06	-4,07111	
1000,11	-3,86987	
1000,09	-3,73931	
1000,08	-4,01891	
1000,07	-3,74116	
1000,2	-3,90406	
1000,06	-4,01276	
1000,02	-3,65227	
1000,01	-3,92896	
1000,17	-4,25886	
1000,09	-4,1291	
1000,05	-3,81544	
1000,06	-3,95775	
1000,08	-4,03833	
1000,14	-4,00648	
1000,1	-4,00085	
1000,05	-4,30466	
1000,06	-4,10727	
1000,08	-3,99609	
1000,07	-3,89082	
1000,05	-3,82755	
1000,09	-3,97318	
1000,06	-3,75323	
1000,14	-3,88189	
1000,18	-4,13535	
999,995	-3,80161	
1000,02	-3,9635	
1000,08	-3,89376	
1000,05	-3,92781	
1000,17	-3,74787	
1000,14	-4,02457	
1000,09	-4,09659	
1000,05	-3,87743	
999,995	-4,23309	
1000,09	-4,20204	
1000,08	-3,91497	
1000	-3,87253	
1000,07	-4,43101	
1000,04	-4,34168	
1000,03	-4,12724	
1000,01	-3,84157	
1000,16	-3,76951	
1000,05	-4,07597	
1000,02	-4,0705	
1000,02	184,421	
1000,11	-4,5095	
1000,05	-3,88577	
1000,03	-3,93123	
1000,06	-4,00285	
999,972	-4,31491	
1000,1	184,32	
1000,03	-3,71659	
1000,1	-3,87567	
1000,07	-3,64012	
999,964	-3,80551	
1000,08	183,93	
1000,06	-3,98463	
1000,12	-3,90965	
1000,04	-3,83741	
1000,03	-3,97182	
1000,08	-3,97687	
1000,15	-4,17994	
1000,05	-3,90966	
1000,05	-4,01163	
1000,06	-3,91261	
999,967	-4,10669	
1000,03	-4,18798	
1000	-3,86854	
999,971	-3,82459	
1000,08	183,883	
1000,08	-3,80104	
1000,1	-4,23348	
999,992	-3,67694	
1000,11	-4,14306	
1000,02	-3,9737	
1000,12	-4,33884	
1000,06	-3,93911	
999,984	-3,93491	
1000,01	-4,15648	
1000,07	-3,82516	
1000,1	-4,01727	
1000,04	-4,04783	
999,975	-3,70929	
1000,07	-3,8116	
1000,07	-3,76952	
1000,04	-4,08818	
1000,05	-3,85774	
1000,1	-3,80357	
999,981	-3,69164	
1000,16	-4,32773	
1000,1	-3,94107	
