Frequency - Plot 0	Voltage(V) - Plot 0	
1000,07	0,425226	
1000,07	0,425279	
1000,11	0,425053	
1000,08	0,425277	
1000	0,424942	
1000,13	0,42498	
1000,11	0,425287	
1000,11	0,42516	
1000,15	0,425572	
1000,15	0,425196	
1000,07	0,425201	
1000,1	0,4254	
1000,06	0,425377	
1000,08	0,425275	
999,986	0,425064	
1000,03	0,425276	
1000,06	0,425421	
1000,08	0,425413	
1000,1	0,425307	
1000,09	0,425108	
1000,09	0,425056	
1000,01	0,424965	
1000,09	0,425336	
1000,05	0,425279	
1000,03	0,425181	
1000,14	0,42534	
1000,04	0,425265	
1000,03	0,425076	
1000,03	0,425227	
999,94	0,425508	
1000,04	0,425219	
999,954	0,424961	
999,959	0,425315	
1000,05	0,425316	
1000,05	0,425341	
1000,19	0,425417	
1000,08	0,425347	
1000,04	0,425239	
1000,1	0,425485	
1000,1	0,425235	
1000,11	0,42515	
999,978	0,425534	
1000,07	0,425565	
1000,06	0,425367	
1000,08	0,425165	
1000,06	0,425036	
999,988	0,424941	
1000	0,425152	
999,993	0,425033	
1000,1	0,425124	
1000,04	0,425232	
1000,09	0,425293	
1000,03	0,425328	
999,922	0,42517	
1000,01	0,425024	
1000,06	0,425045	
999,99	0,425386	
1000,02	0,425149	
1000,02	0,425182	
1000,07	0,425058	
1000,03	0,425192	
1000,12	0,4252	
1000,09	0,424905	
1000,14	0,425216	
1000,14	0,425138	
1000,02	0,425048	
1000,03	0,425193	
1000,07	0,424932	
1000,1	0,425077	
1000,14	0,42526	
1000,14	0,425228	
999,951	0,425143	
1000,01	0,425288	
1000,21	0,425397	
1000,09	0,425155	
1000,1	0,425219	
1000,09	0,425204	
1000,09	0,425282	
1000,04	0,425315	
1000,07	0,425238	
999,977	0,425372	
1000,05	0,425024	
1000,14	0,425235	
1000,04	0,425119	
1000,03	0,425175	
1000	0,425333	
1000,04	0,425428	
1000,12	0,425567	
1000,11	0,425108	
1000,06	0,425223	
1000,07	0,425104	
999,997	0,424795	
1000,08	0,42514	
999,96	0,425158	
1000,02	0,425107	
1000,09	0,425317	
1000,08	0,425111	
999,966	0,425228	
1000,09	0,425056	
1000,14	0,425269	
1000,03	0,425128	
1000,03	0,425153	
1000,03	0,42566	
1000,09	0,425357	
1000,05	0,425218	
1000,09	0,425271	
1000,12	0,425176	
1000,07	0,42514	
1000,04	0,425389	
1000,11	0,425202	
999,997	0,425305	
1000,16	0,425116	
1000,12	0,425165	
1000,08	0,425286	
1000	0,42519	
1000,06	0,425438	
1000,12	0,425469	
1000,08	0,425167	
999,978	0,425163	
1000,08	0,425361	
1000,03	0,425522	
1000,06	0,425358	
1000,08	0,425143	
1000,03	0,425136	
1000,05	0,425288	
