Frequency - Plot 0	Phase - Plot 0	
5999,98	-3,52632	
5999,97	-3,20452	
5999,92	-3,24478	
5999,93	-3,26599	
6000,01	-3,49347	
6000,01	-3,63026	
6000,03	-3,58	
6000,02	-3,88534	
6000,04	-3,42459	
6000,04	-3,32365	
5999,91	-3,31331	
5999,93	-3,81124	
5999,96	-3,466	
5999,97	-3,34232	
6000,03	-3,54977	
6000,01	-3,4566	
5999,98	-3,4597	
5999,99	-3,48833	
6000,06	-3,83028	
5999,98	-3,45691	
6000,02	-3,32631	
6000,07	-3,50688	
6000,01	-3,38679	
5999,98	-3,25263	
5999,9	-3,41267	
5999,91	-3,29015	
5999,95	-3,08776	
6000,04	-3,31849	
5999,97	-3,04701	
6000,06	-3,60321	
6000	-3,77945	
6000,02	-3,39161	
5999,92	-3,29628	
6000,04	-3,34536	
6000,08	-3,41223	
5999,97	-3,32792	
6000,04	-3,28134	
5999,97	-3,33768	
5999,94	-3,26743	
6000,01	-3,58284	
6000,02	-3,33361	
6000,08	-3,49845	
6000,06	-3,71939	
5999,88	-3,3754	
5999,95	-3,28316	
5999,96	-3,32738	
6000,01	-3,55416	
6000,03	-3,56724	
5999,96	-3,33327	
5999,97	-3,3603	
6000,06	-3,29828	
5999,96	-3,09445	
6000,11	-3,32616	
6000,03	-3,12456	
6000,01	-3,61836	
5999,96	-3,38464	
5999,89	-3,1352	
5999,92	-3,18031	
6000,04	-3,5641	
6000,06	-3,72485	
5999,98	-3,33533	
6000,04	-3,48568	
6000,03	-3,58477	
5999,95	-3,3078	
5999,9	-3,62515	
6000,14	-3,56269	
6000,05	-3,30512	
6000,02	-3,41127	
5999,95	-3,6578	
5999,9	-3,1792	
6000	-3,46306	
5999,94	-3,30917	
5999,97	-3,16995	
5999,91	-3,00975	
6000,01	-3,29524	
5999,98	-3,58045	
6000	-3,37535	
5999,99	-3,54944	
5999,94	-3,59407	
5999,98	-3,2555	
5999,96	-2,98046	
6000	-3,01514	
6000,03	-3,2805	
5999,97	-3,1816	
6000,04	-3,37152	
5999,96	-3,06822	
6000,05	-3,44009	
5999,98	-3,08535	
5999,95	-3,16723	
5999,97	-3,18454	
6000,01	-3,07457	
6000,01	-3,56642	
6000,06	-3,18902	
6000,03	-3,12438	
6000,01	-3,29067	
5999,9	-3,16772	
6000,04	-3,1709	
5999,96	-3,36607	
6000,01	-3,10802	
6000,08	-3,32094	
6000,11	-3,51014	
5999,94	-2,93923	
6000,01	-3,1059	
5999,98	-3,18599	
6000,05	-3,63075	
5999,94	-3,38381	
6000,03	-3,40873	
5999,98	-3,16525	
6000,01	-3,3011	
5999,94	-3,22228	
6000	-3,17129	
5999,98	-3,56922	
6000	-3,37114	
6000,03	-3,5689	
5999,88	-3,21882	
5999,93	-3,46682	
5999,92	-3,05394	
6000,04	-3,37006	
6000,01	-3,27065	
6000,04	-3,60698	
5999,92	-3,35813	
5999,97	-3,49331	
6000,07	-3,26189	
6000,04	-4,14559	
6000,02	-3,32523	
6000,01	-3,69421	
5999,94	-2,97169	
5999,99	-3,57039	
5999,88	-3,46859	
6000,08	-3,25204	
6000,01	-3,66216	
5999,95	-3,64365	
5999,94	-3,34999	
5999,93	-3,62095	
5999,97	-3,39358	
6000,03	-3,41427	
6000,04	-3,3602	
5999,98	-3,25006	
5999,99	-3,5196	
5999,97	-3,77274	
6000,04	-3,56677	
5999,92	-3,15438	
5999,95	-3,02565	
6000	-3,64788	
6000,07	-3,84066	
5999,95	-3,26374	
6000,04	-3,42743	
6000,04	-3,42814	
6000,02	-3,18514	
6000,07	-4,2268	
5999,97	-3,63412	
5999,88	-3,16023	
5999,88	-3,10946	
6000,02	-3,73779	
6000,03	-3,47983	
5999,91	-3,34344	
6000,01	-3,4605	
5999,96	-3,37337	
5999,93	-3,96967	
5999,94	-3,1736	
6000	-3,41866	
6000,07	-3,56551	
6000	-3,9236	
5999,99	-3,42726	
5999,95	-3,26542	
5999,98	-3,5904	
5999,94	-3,40127	
6000	-3,23995	
6000,07	-3,30061	
5999,97	-3,31463	
6000,1	-3,20375	
5999,98	-3,3807	
5999,92	-3,12193	
5999,95	-3,20957	
5999,95	-3,34665	
5999,97	-3,35643	
6000,02	-3,04029	
6000,03	-3,37314	
5999,89	-3,19296	
5999,99	-3,33209	
6000,01	-3,4677	
6000,12	-3,6911	
6000,08	-3,76285	
5999,99	-3,27436	
