Frequency - Plot 0	Phase - Plot 0	
499,939	-5,01261	
599,962	-5,76893	
599,964	-5,75052	
599,963	-5,64687	
599,962	-5,77441	
699,986	-6,54697	
699,988	-6,53747	
699,987	-6,53276	
800,011	-7,31076	
800,012	-7,29655	
800,011	-7,25372	
900,038	-8,0619	
900,038	-7,97142	
900,035	-8,00144	
989,851	222,405	
1000,06	-8,82186	
1000,06	-8,76541	
1000,06	-8,77269	
1100,09	-9,51142	
1100,09	-9,58386	
1100,09	-9,55491	
1199,93	-10,282	
1199,92	-10,298	
1199,93	-10,2084	
1299,95	-11,0229	
1299,95	-10,9108	
1299,95	-10,961	
1299,95	-10,9335	
1399,98	-11,5977	
1399,97	-11,6701	
1399,98	-11,5956	
1500	-12,4394	
1500	-12,3114	
1500	-12,3114	
1600,02	-13,0357	
1600,02	-13,0684	
1600,02	-13,1016	
1600,02	-13,0483	
1700,05	-13,9021	
1700,05	-13,838	
1700,05	-13,7421	
1800,07	-14,5267	
1800,07	-14,5169	
1800,07	-14,5636	
1900,1	-15,2227	
1900,1	-15,2633	
1900,1	-15,1265	
1900,1	-15,2054	
1999,94	-15,7923	
1999,94	-16,0019	
1999,94	-15,923	
2099,96	-16,4912	
2099,96	-16,489	
2099,96	-16,5991	
2199,99	-17,1974	
2199,99	-17,3233	
2199,99	-17,1831	
2199,99	-17,1935	
2300,01	-17,8831	
2300,01	-17,949	
2300,01	-17,7821	
2400,04	-18,551	
2400,04	-18,3953	
2400,04	-18,5076	
2500,06	-19,0829	
2500,06	-19,1241	
2500,06	-19,1106	
2500,06	-19,2475	
2600,09	-19,6657	
2600,09	-19,7566	
2600,09	-19,714	
2700,11	-20,4684	
2700,11	-20,3582	
2700,11	-20,3878	
2799,95	-21,0304	
2799,95	-20,9764	
2799,95	-20,9761	
2799,95	-21,0202	
2899,97	-21,5786	
2899,98	-21,5959	
2899,97	-21,509	
3000	-22,2132	
3000	-22,2606	
3000	-22,1248	
3100,02	-22,7459	
3100,02	-22,9321	
3100,02	-22,7405	
3100,02	-22,864	
3200,05	-23,4808	
3200,05	-23,485	
3200,05	-23,4756	
3300,07	-23,7689	
3300,07	-23,9714	
3300,07	-23,8885	
3400,1	-24,5107	
3400,1	-24,406	
3400,1	-24,5215	
3400,1	-24,4098	
3499,94	-24,9876	
3499,94	-24,9186	
3499,94	-24,9376	
3599,96	-25,4567	
3599,96	-25,5286	
3599,96	-25,4628	
3699,99	-26,0975	
3699,99	-26,1798	
3699,99	-26,063	
3699,99	-26,0414	
3800,01	-26,5602	
3800,01	-26,5091	
3800,01	-26,533	
3900,04	-26,9642	
3900,04	-26,9813	
3900,04	-27,1379	
4000,06	-27,5478	
4000,06	-27,4531	
4000,06	-27,4265	
4000,06	-27,4908	
4100,09	-28,0691	
4100,09	-28,0181	
4100,09	-28,0644	
4200,11	-28,5158	
4200,11	-28,49	
4200,11	-28,5087	
4299,95	-29,0372	
4299,95	-28,9094	
4299,95	-28,9839	
4299,95	-28,9626	
4399,97	-29,3681	
4399,97	-29,3262	
4399,97	-29,4044	
4500	-29,7927	
4500	-29,7927	
4500	-29,9149	
4600,02	-30,3369	
4600,02	-30,2169	
4600,02	-30,1162	
4600,02	-30,2125	
4700,05	-30,5747	
4700,05	-30,7348	
4700,05	-30,595	
4800,07	-31,1805	
4800,07	-31,0121	
4800,07	-31,0149	
4900,1	-31,5049	
4900,1	-31,5679	
4900,1	-31,5587	
4901,71	-34,7517	
5000,12	-31,9364	
5000,12	-31,8946	
5000,12	-31,9201	
5099,96	-32,3426	
5099,96	-32,3419	
5099,96	-32,3429	
5199,99	-32,635	
5199,99	-32,794	
5199,99	-32,693	
5199,99	-32,6946	
5300,01	-33,1219	
5300,01	-32,9788	
5300,01	-33,0206	
5400,04	-33,3002	
5400,04	-33,3856	
5400,03	-33,4429	
5500,06	-33,6779	
5500,06	-33,6594	
5500,06	-33,7399	
5500,06	-33,6904	
5600,09	-34,1026	
5600,09	-33,9693	
5600,09	-34,0884	
5700,11	-34,5299	
5700,11	-34,3454	
5700,11	-34,5438	
5800,13	-34,8402	
5800,14	-34,7876	
5800,13	-34,7282	
5899,97	-35,1007	
5899,97	-35,1309	
5899,97	-34,9897	
5899,97	-35,1133	
6000	-35,4542	
6000	-35,4429	
6000	-35,2881	
6100,02	-35,7421	
6100,02	-35,6765	
6100,02	-35,6967	
6192,2	-150,808	
6200,05	-35,9878	
6200,05	-35,8507	
6200,05	-36,1378	
6300,07	-36,3218	
6300,07	-36,3392	
6300,07	-36,3462	
6400,1	-36,5892	
6400,1	-36,5053	
6400,1	-36,6565	
6482,03	196,503	
6500,12	-36,9104	
6500,12	-36,802	
6500,12	-36,8385	
6599,96	-37,1129	
6599,96	-37,1167	
6599,96	-36,9866	
6699,99	-37,3774	
6699,99	-37,4461	
6699,99	-37,4711	
6744,47	-122,628	
6800,01	-37,4985	
6800,01	-37,7749	
6800,01	-37,6701	
6900,03	-37,8802	
6900,04	-37,8768	
6900,04	-37,9317	
7000,06	-38,1317	
7000,06	-38,0365	
7000,06	-38,1296	
7084,05	194,679	
7100,09	-38,4635	
7100,09	-38,2636	
7100,09	-38,339	
7200,11	-38,6794	
7200,11	-38,6112	
7200,11	-38,5649	
7300,14	-38,7021	
7300,13	-38,727	
7300,13	-38,8107	
7399,97	-39,0178	
7399,97	-39,0557	
7399,97	-39,125	
7399,97	-38,9954	
7500	-39,3724	
7500	-39,1419	
7500	-39,2676	
7600,02	-39,4567	
7600,02	-39,3729	
7600,02	-39,39	
7700,05	-39,608	
7700,05	-39,5943	
7700,05	-39,5711	
7700,05	-39,6135	
7800,07	-39,8304	
7800,07	-39,8116	
7800,07	-39,9198	
7900,1	-40,0251	
7900,1	-40,0186	
7900,1	-40,0372	
8000,12	-40,1691	
8000,12	-40,1503	
8000,12	-40,1625	
8000,12	-40,2178	
8100,15	-40,4823	
8100,15	-40,4843	
8100,15	-40,4891	
8199,99	-40,5496	
8199,99	-40,5099	
8199,99	-40,5706	
8300,01	-40,5609	
8300,01	-40,7198	
8300,01	-40,8936	
8300,01	-40,6447	
8400,03	-40,8176	
8400,04	-40,8126	
8400,04	-40,8656	
8500,06	-41,1189	
8500,06	-40,9864	
8500,06	-41,1166	
8600,09	-41,1482	
8600,09	-41,1565	
8600,08	-41,0946	
8600,08	-41,2019	
8700,11	-41,3573	
8700,11	-41,2756	
8700,11	-41,4047	
8800,14	-41,5153	
8800,14	-41,4237	
8800,13	-41,4697	
8900,16	-41,5699	
8900,16	-41,6441	
8900,16	-41,6432	
8900,16	-41,636	
9000	-41,8139	
9000	-41,7686	
9000	-41,8009	
9100,02	-41,9407	
9100,02	-41,963	
9100,02	-41,8243	
9200,05	-42,1246	
9200,05	-41,9092	
9200,05	-41,8309	
9200,05	-42,092	
9300,07	-42,0197	
9300,07	-42,2056	
9300,07	-42,0525	
9400,1	-42,1641	
9400,1	-42,1888	
9400,1	-42,3719	
9500,12	-42,3971	
9500,12	-42,4061	
9500,12	-42,3379	
9500,12	-42,3499	
9600,14	-42,442	
9600,15	-42,5073	
9600,15	-42,4847	
9699,98	-42,6313	
9699,98	-42,5825	
9699,98	-42,6065	
9800,01	-42,5541	
9800,01	-42,6206	
9800,01	-42,627	
9800,01	-42,6226	
9900,04	-42,6525	
9900,03	-42,8339	
9900,03	-42,8605	
10000,1	-42,8142	
10000,1	-42,8595	
10000,1	-42,9004	
10100,1	-42,8035	
10100,1	-42,9993	
10100,1	-42,9869	
10100,1	-42,9765	
10200,1	-43,1293	
10200,1	-43,036	
10200,1	-43,0612	
10300,1	-43,0837	
10300,1	-43,0832	
10300,1	-43,0256	
10400,2	-43,1657	
10400,2	-43,2287	
10400,2	-43,2021	
10400,2	-43,2012	
10500	-43,0445	
10500	-43,1592	
10500	-43,19	
10600	-43,2323	
10600	-43,2907	
10600	-43,3244	
10700	-43,3703	
10700	-43,3503	
10700	-43,3913	
10700	-43,4972	
10800,1	-43,4816	
10800,1	-43,5362	
10800,1	-43,4836	
10900,1	-43,4404	
10900,1	-43,4501	
10900,1	-43,4786	
11000,1	-43,6326	
11000,1	-43,6363	
11000,1	-43,5222	
11000,1	-43,5081	
11100,1	-43,5451	
11100,1	-43,6426	
11100,1	-43,5164	
11200,2	-43,6771	
11200,2	-43,6519	
11200,2	-43,7238	
11300	-43,77	
11300	-43,7284	
11300	-43,6649	
11300	-43,6827	
11400	-43,816	
11400	-43,7094	
11400	-43,916	
11500,1	-43,7632	
11500,1	-43,8543	
11500,1	-43,8107	
11600,1	-43,9272	
11600,1	-44,0033	
11600,1	-43,7647	
11600,1	-43,8345	
11700,1	-43,9764	
11700,1	-43,8518	
11700,1	-43,8752	
11800,1	-43,926	
11800,1	-43,89	
11800,1	-43,7549	
11900,2	-43,9936	
11900,2	-44,0153	
11900,2	-43,9222	
11981,9	194,825	
12000,2	-44,075	
12000,2	-43,9851	
12000,2	-43,8007	
12100	-43,9456	
12100	-43,9278	
12100	-44,0631	
12200	-44,1319	
12200	-44,1629	
12200	-44,1354	
12300,1	-44,066	
12300,1	-44,0873	
12300,1	-43,944	
12300,1	-44,0207	
12400,1	-44,2014	
12400,1	-43,9856	
12400,1	-44,0894	
12500,1	-44,1795	
12500,1	-44,2614	
12500,1	-44,0942	
12594,6	-149,496	
12600,1	-44,2749	
12600,1	-44,1828	
12600,1	-44,0966	
12700,2	-44,1774	
12700,2	-44,1017	
12700,2	-44,095	
12800	-44,0233	
12800	-44,1992	
12800	-44,1324	
12900	-44,0321	
12900	-44,3059	
12900	-44,0937	
12900	-43,9651	
13000,1	-44,3101	
13000,1	-44,1324	
13000,1	-44,3018	
13100,1	-44,0537	
13100,1	-44,2054	
13100,1	-44,1886	
13200,1	-44,2355	
13200,1	-44,2822	
13200,1	-44,2337	
13200,1	-44,0738	
13300,1	-44,1275	
13300,1	-44,1103	
13300,1	-44,0495	
13400,2	-43,9876	
13400,2	-44,0945	
13400,2	-44,1211	
13500,2	-44,276	
13500,2	-44,2268	
13500,2	-44,1941	
13500,2	-44,0594	
13600	-44,0993	
13600	-44,1841	
13600	-44,2583	
13700	-44,0337	
13700	-44,2412	
13700	-44,0982	
13800,1	-44,0372	
13800,1	-44,2937	
13800,1	-44,1041	
13800,1	-44,1094	
13900,1	-44,0865	
13900,1	-44,3083	
13900,1	-44,0685	
14000,1	-44,2038	
14000,1	-44,0989	
14000,1	-44,0029	
14100,1	-44,1023	
14100,1	-44,2007	
14100,1	-44,2236	
14100,1	-44,2224	
14200,2	-44,0901	
14200,2	-44,1121	
14200,2	-44,2638	
14300,2	-44,1315	
14300,2	-44,0793	
14300,2	-44,07	
