499.91	0.160107	
599.979	0.191552	
599.99	0.191499	
599.981	0.191576	
699.98	0.222716	
699.99	0.222774	
699.988	0.22287	
800.03	0.253789	
800.011	0.253706	
800.048	0.253711	
800.017	0.253782	
900.017	0.284514	
900.04	0.284478	
900.037	0.284559	
1000.06	0.314992	
1000.04	0.315001	
1000.07	0.314888	
1100.08	0.345132	
1100.09	0.345043	
1100.09	0.345136	
1199.93	0.374878	
1199.91	0.37483	
1199.93	0.374935	
1299.95	0.40433	
1299.96	0.404353	
1299.97	0.404517	
1301.93	0.403578	
1399.98	0.433624	
1399.97	0.433684	
1399.99	0.43353	
1500.01	0.462425	
1500	0.462338	
1500	0.462337	
1600.03	0.490748	
1600.04	0.490795	
1600.04	0.490864	
1700.05	0.518822	
1700.05	0.518839	
1700.05	0.518777	
1800.07	0.546376	
1800.08	0.546353	
1800.07	0.546413	
1900.1	0.573839	
1900.1	0.573687	
1900.11	0.57379	
1900.1	0.573737	
1999.94	0.600429	
1999.93	0.600372	
1999.93	0.600498	
2099.96	0.626808	
2099.96	0.626846	
2099.97	0.626738	
2199.98	0.652822	
2199.99	0.652715	
2199.99	0.65285	
2300.01	0.67836	
2300.01	0.678303	
2300.01	0.678267	
2400.04	0.703378	
2400.04	0.703341	
2400.04	0.703311	
2400.04	0.703346	
2500.06	0.728042	
2500.06	0.728008	
2500.07	0.727988	
2600.08	0.752183	
2600.09	0.752228	
2600.09	0.752234	
2700.11	0.775935	
2700.11	0.775896	
2700.11	0.775882	
2799.95	0.799063	
2799.94	0.798977	
2799.95	0.799057	
2899.98	0.821925	
2899.98	0.821817	
2899.98	0.82189	
2899.97	0.82182	
3000	0.844319	
3000	0.844294	
2999.99	0.844259	
3100.03	0.866404	
3100.03	0.8663	
3100.02	0.866241	
3200.06	0.887668	
3200.05	0.887649	
3200.05	0.88774	
3300.07	0.908786	
3300.07	0.90888	
3300.07	0.908829	
3400.1	0.929419	
3400.1	0.929259	
3400.1	0.929289	
3400.1	0.929265	
3499.93	0.949427	
3499.94	0.949425	
3499.95	0.949543	
3599.96	0.969133	
3599.96	0.969179	
3599.95	0.969133	
3699.99	0.988512	
3699.98	0.988544	
3699.98	0.988587	
3800.01	1.00739	
3800.01	1.00738	
3800.01	1.00731	
3800.01	1.00729	
3900.04	1.02581	
3900.04	1.02577	
3900.03	1.02583	
4000.06	1.04386	
4000.07	1.04396	
4000.06	1.04367	
4100.08	1.06152	
4100.08	1.0614	
4100.09	1.06138	
4200.11	1.07876	
4200.11	1.07874	
4200.11	1.07876	
4299.95	1.09553	
4299.95	1.0956	
4299.94	1.09543	
4299.95	1.09547	
4399.97	1.11181	
4399.97	1.11186	
4399.97	1.11203	
4500	1.12818	
4499.99	1.1281	
4500	1.12799	
4600.02	1.14379	
4600.03	1.14374	
4600.02	1.14381	
4700.04	1.15911	
4700.05	1.15924	
4700.05	1.15911	
4800.07	1.17417	
4800.07	1.17419	
4800.07	1.17413	
4900.1	1.18881	
4900.1	1.18877	
4900.1	1.18873	
5000.12	1.20304	
5000.12	1.20306	
5000.12	1.20293	
5099.96	1.21706	
5099.96	1.21685	
5099.96	1.21698	
5199.98	1.23064	
5199.98	1.23074	
5199.98	1.23057	
5199.98	1.23058	
5300.01	1.24384	
5300.01	1.24384	
5300.01	1.24384	
5400.03	1.25685	
5400.03	1.25677	
5400.04	1.25673	
5500.06	1.2696	
5500.06	1.26948	
5500.06	1.26939	
5600.09	1.28188	
5600.08	1.28177	
5600.08	1.2819	
5700.11	1.29393	
5700.11	1.29394	
5700.11	1.29386	
5800.14	1.3058	
5800.13	1.30582	
5800.13	1.30569	
5800.13	1.30581	
5899.97	1.31727	
5899.98	1.3173	
5899.97	1.31741	
6000	1.32859	
6000	1.32862	
6000	1.3286	
6100.03	1.33953	
6100.02	1.33966	
6100.02	1.3395	
6200.05	1.35026	
6200.04	1.35018	
6200.05	1.35029	
6300.08	1.36065	
6300.07	1.36083	
6300.07	1.36074	
6400.09	1.37092	
6400.1	1.3709	
6400.1	1.37083	
6400.09	1.37078	
6500.12	1.38081	
6500.12	1.3808	
6500.12	1.38076	
6599.96	1.39061	
6599.96	1.39068	
6599.96	1.39063	
6699.98	1.4003	
6699.98	1.40001	
6699.98	1.40019	
6800.01	1.40936	
6800.01	1.40937	
6800.01	1.40932	
6898.87	1.41482	
6900.03	1.4186	
6900.03	1.41846	
6900.03	1.41852	
7000.06	1.42751	
7000.06	1.42741	
7000.06	1.42741	
7100.08	1.436	
7100.08	1.43597	
7100.09	1.43606	
7200.11	1.44448	
7200.11	1.44454	
7200.11	1.44442	
7300.13	1.45278	
7300.14	1.45274	
7300.13	1.45276	
7300.13	1.45271	
7399.97	1.46084	
7399.97	1.46079	
7399.97	1.4608	
7500	1.46867	
7500	1.46882	
7500	1.46877	
7600.02	1.47652	
7600.02	1.47642	
7600.02	1.47634	
7700.05	1.48397	
7700.05	1.48403	
7700.05	1.484	
7800.07	1.49129	
7800.07	1.4913	
7800.07	1.49119	
7800.07	1.4914	
7900.1	1.49851	
7900.1	1.49867	
7900.09	1.49834	
8000.12	1.50557	
8000.12	1.50545	
8000.12	1.50559	
8100.14	1.51252	
8100.15	1.51248	
8100.14	1.51242	
8199.98	1.51911	
8199.98	1.51921	
8199.99	1.51918	
8300.01	1.52578	
8300.01	1.52588	
8300.01	1.52583	
8300.01	1.52577	
8400.03	1.53219	
8400.03	1.53216	
8400.03	1.53211	
8500.06	1.53845	
8500.06	1.53852	
8500.06	1.53837	
8600.08	1.54457	
8600.08	1.5445	
8600.08	1.54464	
8700.11	1.55068	
8700.11	1.55035	
8700.11	1.55048	
8700.11	1.55049	
8800.13	1.55648	
8800.13	1.5564	
8800.14	1.55634	
8900.16	1.56205	
8900.15	1.562	
8900.16	1.56214	
9000	1.56764	
9000	1.56775	
9000	1.5677	
9100.02	1.57324	
9100.02	1.57317	
9100.02	1.57326	
9200.04	1.57847	
9200.04	1.57846	
9200.05	1.57846	
9200.05	1.57846	
9300.07	1.58377	
9300.07	1.58386	
9300.07	1.58396	
9400.1	1.58897	
9400.1	1.58901	
9400.1	1.58904	
9500.12	1.59395	
9500.12	1.5939	
9500.12	1.59392	
9600.15	1.59878	
9600.15	1.59883	
9600.15	1.59904	
9699.99	1.60378	
9699.98	1.60378	
9699.98	1.60367	
9699.98	1.60386	
9800.01	1.60836	
9800.01	1.60846	
9800.01	1.60848	
9900.03	1.61308	
9900.03	1.61313	
9900.03	1.6131	
10000.1	1.61761	
10000.1	1.6176	
10000.1	1.61759	
10100.1	1.62209	
10100.1	1.62214	
10100.1	1.62209	
10100.1	1.6221	
10200.1	1.62635	
10200.1	1.62635	
10200.1	1.62629	
10300.1	1.63068	
10300.1	1.63064	
10300.1	1.6308	
10400.2	1.63494	
10400.2	1.63497	
10400.2	1.63493	
10500	1.63881	
10500	1.63885	
10500	1.63888	
10500	1.63889	
10600	1.64275	
10600	1.64292	
10600	1.64274	
10700	1.64694	
10700	1.64675	
10700	1.64677	
10800.1	1.65063	
10800.1	1.65072	
10800.1	1.65062	
10900.1	1.65439	
10900.1	1.6544	
10900.1	1.65442	
10900.1	1.65439	
11000.1	1.65815	
11000.1	1.65829	
11000.1	1.65817	
11100.1	1.66172	
11100.1	1.66171	
11100.1	1.66167	
11200.2	1.66535	
11200.2	1.66516	
11200.2	1.66525	
11300	1.66867	
11300	1.66873	
11300	1.66865	
11300	1.66871	
11400	1.67214	
11400	1.67215	
11400	1.67213	
11500.1	1.67542	
11500.1	1.67566	
11500.1	1.67555	
11600.1	1.67871	
11600.1	1.67877	
11600.1	1.67882	
11700.1	1.68202	
11700.1	1.68212	
11700.1	1.68209	
11800.1	1.68516	
11800.1	1.68505	
11800.1	1.68517	
11800.1	1.68512	
11900.2	1.68834	
11900.2	1.68826	
11900.2	1.68809	
12000.2	1.69129	
12000.2	1.69125	
12000.2	1.69126	
12100	1.6944	
12100	1.69439	
12100	1.69416	
12200	1.69726	
12200	1.69723	
12200	1.69734	
12200	1.69724	
12300.1	1.70017	
12300.1	1.69993	
12300.1	1.70007	
12400.1	1.70287	
12400.1	1.70283	
12400.1	1.70297	
12500.1	1.70586	
12500.1	1.7057	
12500.1	1.70572	
12600.1	1.70838	
12600.1	1.70842	
12600.1	1.70832	
12600.1	1.70847	
12700.2	1.71113	
12700.2	1.71106	
12700.2	1.71119	
12800	1.71355	
12800	1.71353	
12800	1.71355	
12900	1.71635	
12900	1.7162	
12900	1.71621	
13000.1	1.71872	
13000.1	1.71859	
13000.1	1.7188	
13000.1	1.71867	
13100.1	1.72124	
13100.1	1.72125	
13100.1	1.72122	
13200.1	1.72361	
13200.1	1.72355	
13200.1	1.72355	
13300.1	1.72593	
13300.1	1.72609	
13300.1	1.72605	
13400.2	1.72839	
13400.2	1.72834	
13400.2	1.72823	
13400.2	1.72848	
13500.2	1.73059	
13500.2	1.73039	
13500.2	1.73043	
13600	1.73301	
13600	1.73277	
13600	1.73272	
13700	1.73512	
13700	1.73504	
13700	1.73495	
13800.1	1.73722	
13800.1	1.73711	
13800.1	1.73707	
13900.1	1.73959	
13900.1	1.7395	
13900.1	1.73949	
14000.1	1.74155	
14000.1	1.74142	
14000.1	1.74142	
14100.1	1.74355	
14100.1	1.74357	
14100.1	1.74344	
14200.2	1.74569	
14200.2	1.7457	
