Frequency - Plot 0	Phase - Plot 0	
499,937	-1,0784	
599,965	-1,12433	
599,961	-1,1286	
599,964	-1,10771	
699,988	-0,99945	
699,988	-1,13452	
699,986	-1,09046	
800,014	-1,09735	
800,013	-1,10933	
800,013	-1,06641	
813,774	-36,6661	
900,032	-1,08564	
900,034	-1,06465	
900,036	-1,08675	
1000,06	-1,18921	
1000,06	-1,08921	
1000,06	-1,05557	
1100,09	-1,07604	
1100,08	-1,08605	
1100,09	-1,11555	
1100,09	-1,06344	
1199,92	-1,07276	
1199,92	-0,966548	
1199,93	-1,00071	
1299,95	-1,05417	
1299,95	-0,98077	
1299,95	-1,02304	
1399,97	-0,946617	
1399,97	-1,04504	
1399,98	-1,05416	
1401,01	-3,63231	
1500	-1,00682	
1500	-1,05051	
1500	-0,898136	
1600,02	-0,901316	
1600,02	-1,03984	
1600,02	-1,04188	
1700,05	-1,06753	
1700,05	-0,900193	
1700,05	-0,957876	
1771,72	-114,308	
1800,07	-0,885001	
1800,08	-1,02082	
1800,07	-1,04826	
1900,1	-0,933239	
1900,1	-1,05048	
1900,1	-0,964943	
1999,94	-1,00285	
1999,94	-0,989653	
1999,94	-1,06034	
2084,59	-118,97	
2099,96	-1,0003	
2099,96	-1,08091	
2099,97	-0,871492	
2199,99	-1,00524	
2199,99	-0,816912	
2199,99	-1,07258	
2300,01	-0,965249	
2300,01	-0,810138	
2300,02	-0,906259	
2400,04	-0,887797	
2400,04	-0,925984	
2400,04	-0,954077	
2400,04	-0,98641	
2500,06	-0,853412	
2500,06	-0,957285	
2500,06	-0,894414	
2600,09	-0,937254	
2600,09	-1,03925	
2600,09	-0,80919	
2700,11	-0,855278	
2700,11	-0,890093	
2700,11	-0,92298	
2700,11	-0,939785	
2799,95	-0,982638	
2799,95	-0,882968	
2799,95	-0,879471	
2899,97	-0,977205	
2899,98	-0,953946	
2899,97	-0,829926	
3000	-0,801368	
3000	-0,826309	
3000	-0,84843	
3000	-0,804523	
3100,02	-0,897182	
3100,02	-0,942882	
3100,02	-0,764187	
3200,05	-0,992275	
3200,05	-0,82911	
3200,05	-0,839639	
3300,07	-0,792843	
3300,07	-0,886473	
3300,08	-0,812724	
3300,07	-0,816251	
3400,1	-0,790551	
3400,1	-0,7665	
3400,1	-0,858415	
3499,94	-0,822176	
3499,94	-0,916872	
3499,94	-0,780127	
3599,97	-0,886801	
3599,96	-0,712369	
3599,96	-0,90439	
3599,96	-0,754134	
3699,98	-0,880981	
3699,99	-0,698084	
3699,99	-0,772225	
3800,01	-0,837559	
3800,01	-0,850399	
3800,01	-0,77736	
3900,03	-0,744713	
3900,04	-0,75206	
3900,04	-0,894785	
3900,04	-0,805082	
4000,06	-0,741989	
4000,06	-0,718716	
4000,06	-0,807436	
4100,08	-0,663721	
4100,08	-0,762803	
4100,08	-0,705205	
4200,11	-0,799209	
4200,12	-0,673019	
4200,11	-0,739824	
4200,11	-0,767238	
4299,95	-0,881928	
4299,95	-0,731286	
4299,94	-0,797809	
4399,97	-0,736938	
4399,97	-0,700718	
4399,97	-0,833965	
4500	-0,79908	
4500	-0,773547	
4500	-0,669	
4500	-0,66136	
4600,02	-0,650738	
4600,02	-0,816661	
4600,03	-0,604335	
4700,05	-0,718971	
4700,05	-0,620558	
4700,05	-0,765799	
4800,07	-0,779961	
4800,07	-0,644042	
4800,07	-0,628327	
4800,07	-0,731076	
4900,1	-0,70031	
4900,1	-0,918947	
4900,1	-0,880285	
5000,12	-0,662803	
5000,12	-0,720201	
5000,12	-0,795762	
5099,96	-0,731852	
5099,96	-0,545317	
5099,97	-0,640746	
5099,96	-0,675732	
5199,98	-0,723528	
5199,98	-0,672091	
5199,99	-0,816963	
5300,01	-0,702932	
5300,01	-0,746767	
5300,01	-0,713047	
5400,03	-0,843563	
5400,03	-0,546193	
5400,04	-0,701393	
5400,04	-0,627249	
5500,06	-0,763293	
5500,06	-0,620451	
5500,06	-0,595109	
5600,09	-0,663892	
5600,08	-0,734223	
5600,08	-0,597975	
5700,11	-0,787958	
5700,11	-0,823005	
5700,11	-0,661057	
5700,11	-0,720646	
5800,13	-0,638188	
5800,14	-0,612321	
5800,14	-0,662752	
5899,97	-0,654832	
5899,97	-0,63383	
5899,97	-0,555398	
6000	-0,735102	
6000	-0,686096	
6000	-0,641835	
6000	-0,661638	
6100,02	-0,704355	
6100,02	-0,683189	
6100,02	-0,697368	
6200,05	-0,647585	
6200,05	-0,593829	
6200,05	-0,586073	
6300,07	-0,503197	
6300,08	-0,682118	
6300,07	-0,736013	
6300,07	-0,550404	
6400,1	-0,523916	
6400,1	-0,673701	
6400,1	-0,456078	
6500,12	-0,665238	
6500,12	-0,592446	
6500,12	-0,649744	
6599,96	-0,540387	
6599,96	-0,560719	
6599,96	-0,70375	
6599,96	-0,559459	
6699,98	-0,434215	
6699,98	-0,561383	
6699,98	-0,483803	
6800,01	-0,487094	
6800,01	-0,661502	
6800,01	-0,487789	
6900,04	-0,607104	
6900,04	-0,618397	
6900,04	-0,536719	
6900,03	-0,680229	
7000,06	-0,463851	
7000,06	-0,515628	
7000,06	-0,608793	
7100,09	-0,617954	
7100,09	-0,493905	
7100,09	-0,622336	
7200,11	-0,498734	
7200,11	-0,601661	
7200,11	-0,61422	
7200,11	-0,639284	
7300,13	-0,47657	
7300,13	-0,474272	
7300,13	-0,563989	
7399,97	-0,487458	
7399,97	-0,692504	
7399,98	-0,495472	
7500	-0,541718	
7500	-0,568755	
7500	-0,464738	
7500	-0,439949	
7600,02	-0,631822	
7600,02	-0,584711	
7600,02	-0,529142	
7700,05	-0,515145	
7700,05	-0,419083	
7700,05	-0,575603	
7800,07	-0,562467	
7800,07	-0,468976	
7800,07	-0,602274	
7800,07	-0,543025	
7900,1	-0,426145	
7900,1	-0,525659	
7900,1	-0,526758	
8000,12	-0,465131	
8000,12	-0,370058	
8000,12	-0,441961	
8100,15	-0,463224	
8100,15	-0,568513	
8100,15	-0,510103	
8100,15	-0,413193	
8199,99	-0,424337	
8199,98	-0,44074	
8199,98	-0,457359	
8300,01	-0,504062	
8300,01	-0,407236	
8300,01	-0,533581	
8400,03	-0,455388	
8400,04	-0,417687	
8400,03	-0,400394	
8400,03	-0,684564	
8500,06	-0,462416	
8500,06	-0,448265	
8500,06	-0,515675	
8600,09	-0,51411	
8600,08	-0,453716	
8600,09	-0,504628	
8700,11	-0,438174	
8700,11	-0,41466	
8700,11	-0,431843	
8700,11	-0,586189	
8800,13	-0,458923	
8800,13	-0,558891	
8800,13	-0,413854	
8900,16	-0,537187	
8900,16	-0,435914	
8900,16	-0,309109	
9000	-0,460569	
9000	-0,458289	
9000	-0,410679	
9000	-0,441024	
9100,02	-0,48622	
9100,02	-0,507594	
9100,02	-0,362965	
9200,05	-0,384296	
9200,05	-0,456926	
9200,05	-0,506428	
9300,07	-0,458829	
9300,07	-0,555295	
9300,07	-0,326438	
9300,07	-0,524071	
9400,09	-0,265127	
9400,09	-0,4575	
9400,1	-0,474214	
9500,12	-0,543459	
9500,12	-0,552329	
9500,12	-0,41185	
9600,15	-0,311805	
9600,14	-0,260383	
9600,14	-0,407895	
9600,15	-0,316821	
9699,99	-0,474831	
9699,99	-0,337509	
9699,99	-0,414505	
9800,01	-0,395315	
9800,01	-0,343668	
9800,01	-0,425891	
9900,04	-0,263852	
9900,03	-0,419516	
9900,04	-0,314101	
9900,03	-0,368379	
10000,1	-0,316519	
10000,1	-0,290007	
10000,1	-0,328685	
10100,1	-0,392919	
10100,1	-0,363753	
10100,1	-0,530361	
10200,1	-0,449206	
10200,1	-0,367475	
10200,1	-0,272204	
10200,1	-0,448762	
10300,1	-0,36785	
10300,1	-0,284749	
10300,1	-0,298943	
10400,2	-0,407526	
10400,2	-0,37333	
10400,2	-0,416007	
10500	-0,449498	
10500	-0,330395	
10500	-0,363362	
10500	-0,460139	
10600	-0,24109	
10600	-0,254091	
10600	-0,342964	
10700	-0,298484	
10700	-0,316715	
10700	-0,359947	
10800,1	-0,378055	
10800,1	-0,41211	
10800,1	-0,34113	
10800,4	-0,961804	
10900,1	-0,226063	
10900,1	-0,228181	
10900,1	-0,345144	
11000,1	-0,337635	
11000,1	-0,403668	
11000,1	-0,251154	
11100,1	-0,381311	
11100,1	-0,171471	
11100,1	-0,306636	
11188,5	-117,045	
11200,2	-0,356472	
11200,2	-0,387097	
11200,2	-0,215938	
11300	-0,299813	
11300	-0,290527	
11300	-0,246279	
11400	-0,242804	
11400	-0,273432	
11400	-0,282511	
11453,7	-93,8837	
11500,1	-0,190665	
11500,1	-0,166228	
11500,1	-0,396853	
11600,1	-0,312692	
11600,1	-0,306947	
11600,1	-0,324354	
11700,1	-0,285198	
11700,1	-0,225322	
11700,1	-0,120691	
11703,1	-7,72473	
11800,1	-0,408344	
11800,1	-0,27866	
11800,1	-0,278492	
11900,2	-0,361549	
11900,2	-0,363982	
11900,2	-0,179297	
12000,2	-0,355036	
12000,2	-0,418858	
12000,2	-0,371664	
12014,2	-35,4886	
12100	-0,132882	
12100	-0,318324	
12100	-0,296024	
12200	-0,183101	
12200	-0,411471	
12200	-0,293098	
12300,1	-0,367792	
12300,1	-0,17466	
12300,1	-0,234057	
12388,2	-116,645	
12400,1	-0,150819	
12400,1	-0,188249	
12400,1	-0,271766	
12500,1	-0,263794	
12500,1	-0,172334	
12500,1	-0,181634	
12600,1	-0,107082	
12600,1	-0,278636	
12600,1	-0,205698	
12612,7	-31,1306	
12700,2	-0,236087	
12700,2	-0,165844	
12700,2	-0,0435635	
12800	-0,336729	
12800	-0,381154	
12800	-0,308798	
12900	-0,0644645	
