499.939	2.19186	
599.96	2.19178	
599.957	2.19147	
599.959	2.19163	
699.989	2.19126	
699.987	2.19121	
699.987	2.19128	
800.01	2.19107	
800.014	2.19095	
800.012	2.191	
800.011	2.19104	
900.034	2.19097	
900.035	2.19078	
900.039	2.1909	
1000.06	2.19072	
1000.06	2.19096	
1000.06	2.19092	
1100.09	2.1907	
1100.09	2.19071	
1100.09	2.19079	
1199.93	2.19038	
1199.92	2.19014	
1199.93	2.19014	
1199.92	2.19023	
1299.95	2.19021	
1299.95	2.1903	
1299.95	2.19027	
1399.97	2.19011	
1399.97	2.19032	
1399.97	2.19023	
1500	2.19015	
1500	2.18989	
1500	2.18979	
1600.03	2.18981	
1600.03	2.18963	
1600.03	2.18968	
1700.05	2.18932	
1700.05	2.18956	
1700.05	2.1896	
1700.05	2.18966	
1800.08	2.18938	
1800.08	2.18949	
1800.07	2.18952	
1900.1	2.18928	
1900.1	2.18916	
1900.1	2.1893	
1999.94	2.18923	
1999.94	2.18918	
1999.94	2.18932	
2099.96	2.189	
2099.96	2.189	
2099.96	2.18902	
2199.98	2.18896	
2199.99	2.18887	
2199.99	2.18906
2300.01	2.18883	
2300.01	2.18902	
2300.01	2.18896	
2400.04	2.18876	
2400.03	2.18893	
2400.04	2.18894	
2500.06	2.18887	
2500.06	2.18893	
2500.06	2.18873	
2600.09	2.18859	
2600.09	2.18882	
2600.09	2.18862	
2700.11	2.18845	
2700.11	2.18851	
2700.11	2.18841	
2799.95	2.18861	
2799.95	2.18868	
2799.95	2.18868	
2799.95	2.18857	
2899.97	2.18854	
2899.97	2.18841	
2899.97	2.1883	
2999.99	2.18858	
3000	2.18829	
3000	2.18839	
3100.02	2.18855	
3100.02	2.18827	
3100.02	2.18815	
3200.05	2.18812	
3200.05	2.18824	
3200.05	2.18819	
3300.07	2.18828	
3300.07	2.18819	
3300.08	2.18831	
3400.1	2.18809	
3400.1	2.18827	
3400.1	2.18835	
3499.94	2.18799	
3499.93	2.18827	
3499.94	2.18814	
3599.96	2.18811	
3599.96	2.18817	
3599.96	2.18799	
3699.99	2.18823	
3699.99	2.18835	
3699.99	2.18831	
3800.01	2.18809	
3800.01	2.18808	
3800.01	2.18828	
3900.04	2.18812	
3900.03	2.18823	
3900.03	2.18813	
4000.06	2.18807	
4000.06	2.18856	
4000.06	2.18843	
4100.09	2.1883	
4100.08	2.18836	
4100.08	2.18815	
4200.11	2.18823	
4200.11	2.18829	
4200.11	2.18826	
4200.11	2.18835	
4299.95	2.1885	
4299.95	2.18832	
4299.95	2.18847	
4399.97	2.18819	
4399.98	2.18826	
4399.97	2.18836	
4500	2.18842	
4500	2.18831	
4500	2.18843	
4600.02	2.18838	
4600.02	2.18836	
4600.02	2.18845	
4700.05	2.18859	
4700.05	2.18837	
4700.05	2.18853	
4700.11	2.18855	
4800.07	2.18851	
4800.07	2.18836	
4800.07	2.1885	
4900.1	2.18837	
4900.1	2.18839	
4900.09	2.18846	
5000.12	2.18828	
5000.12	2.18858	
5000.12	2.18857	
5099.96	2.18869	
5099.96	2.18884	
5099.96	2.18876	
5199.99	2.18872	
5199.98	2.18848	
5199.99	2.18882	
5199.98	2.18877	
5300.01	2.18858	
5300.01	2.18847	
5300.01	2.18881	
5400.04	2.18883	
5400.03	2.18878	
5400.03	2.18868	
5500.06	2.18877	
5500.06	2.18894	
5500.06	2.18878	
5600.08	2.18885	
5600.09	2.18895	
5600.09	2.18872	
5700.11	2.18879	
5700.11	2.18879	
5700.11	2.18876	
5700.14	2.18902	
5800.14	2.18891	
5800.13	2.18898	
5800.14	2.18885	
5899.97	2.18893	
5899.97	2.1891	
5899.97	2.18911	
5999.99	2.1891	
6000	2.18902	
6000	2.1891	
6100.02	2.18917	
6100.02	2.18912	
6100.02	2.1892	
6200.05	2.18917	
6200.05	2.18904	
6200.05	2.18916	
6200.05	2.18924	
6300.07	2.18927	
6300.07	2.18944	
6300.07	2.18894	
6400.1	2.18904	
6400.1	2.18899	
6400.09	2.18935	
6500.12	2.18921	
6500.12	2.18918	
6500.12	2.18917	
6599.96	2.18934	
6599.96	2.18914	
6599.96	2.18906	
6699.98	2.18911	
6699.99	2.18915	
6699.98	2.18914	
6699.99	2.189	
6800.01	2.18901	
6800.01	2.18901	
6800.01	2.18928	
6900.03	2.18917	
6900.03	2.18913	
6900.04	2.18936	
7000.06	2.1892	
7000.06	2.18926	
7000.06	2.18923	
7100.08	2.18921	
7100.08	2.18953	
7100.08	2.18937	
7200.11	2.18929	
7200.11	2.18943	
7200.11	2.18941	
7200.11	2.18947	
7300.13	2.18941	
7300.14	2.18935	
7300.13	2.18936	
7399.97	2.1894	
7399.97	2.1894	
7399.97	2.18919	
7500	2.18927	
7500	2.18949	
7500	2.18944	
7600.02	2.18932	
7600.02	2.18936	
7600.02	2.18927	
7700.04	2.18938	
7700.04	2.18934	
7700.04	2.1893	
7700.05	2.18924	
7800.07	2.18936	
7800.07	2.1896	
7800.07	2.18947	
7900.1	2.18957	
7900.09	2.18953	
7900.1	2.18933	
8000.12	2.18931	
8000.12	2.18942	
8000.12	2.18932	
8100.15	2.18936	
8100.15	2.18948	
8100.15	2.18938	
8100.14	2.1895	
8199.99	2.18941	
8199.98	2.18959	
8199.99	2.18955	
8300.01	2.18958	
8300.01	2.18956	
8300.01	2.18963	
8400.03	2.18926	
8400.04	2.18949	
8400.03	2.18946	
8500.06	2.18941	
8500.06	2.18946	
8500.06	2.1894	
8600.08	2.18954	
8600.08	2.18946	
8600.08	2.18933	
8600.08	2.18933	
8700.11	2.18944	
8700.11	2.1894	
8700.11	2.18954	
8800.13	2.18938	
8800.13	2.18927	
8800.13	2.18947	
8900.16	2.1894	
8900.16	2.18936	
8900.16	2.18944	
9000	2.18934	
9000	2.1896	
9000	2.18937	
9100.02	2.18925	
9100.02	2.18944	
9100.02	2.18938	
9100.02	2.18927	
9200.04	2.18944	
9200.04	2.18949	
9200.04	2.18943	
9300.07	2.18962	
9300.07	2.1896	
9300.07	2.18972	
9400.1	2.18975	
9400.09	2.18931	
9400.1	2.18948	
9500.12	2.18953	
9500.12	2.18936	
9500.12	2.18939	
9600.15	2.18937	
9600.14	2.18918	
9600.15	2.18951	
9699.98	2.18938	
9699.98	2.18969	
9699.98	2.18921	
9800.01	2.18946	
9800.01	2.18947	
9800.01	2.18936	
9900.04	2.18919	
9900.03	2.1892	
9900.03	2.18933	
10000.1	2.18917	
10000.1	2.18925	
10000.1	2.18955	
10000.1	2.18931	
10100.1	2.18941	
10100.1	2.18933	
10100.1	2.1894	
10200.1	2.18934	
10200.1	2.18925	
10200.1	2.18922	
10300.1	2.1892	
10300.1	2.18918	
10300.1	2.18925	
10400.2	2.18918	
10400.2	2.18932	
10400.2	2.18943	
10500	2.18908	
10500	2.18918	
10500	2.18905	
10500	2.18936	
10600	2.18904	
10600	2.18919	
10600	2.18914	
10700	2.18903	
10700	2.18932	
10700	2.1893	
10800.1	2.18929	
10800.1	2.1894	
10800.1	2.18918	
10900.1	2.18933	
10900.1	2.18921	
10900.1	2.18928	
11000.1	2.18921	
11000.1	2.18917	
11000.1	2.18938	
11100.1	2.18937	
11100.1	2.18896	
11100.1	2.18894	
11100.1	2.18898	
11200.2	2.18901	
11200.2	2.18896	
11200.2	2.1889	
11300	2.18907	
11300	2.18897	
11300	2.18908	
11400	2.18911	
11400	2.18902	
11400	2.18918	
11500.1	2.189	
11500.1	2.18921	
11500.1	2.18894	
11500.1	2.18895	
11600.1	2.18902	
11600.1	2.18901	
11600.1	2.18931	
11700.1	2.18897	
11700.1	2.18891	
11700.1	2.18893	
11800.1	2.18889	
11800.1	2.18884	
11800.1	2.189	
11800.1	2.18876	
11900.2	2.18909	
11900.2	2.1887	
11900.2	2.18878	
12000.2	2.18888	
12000.2	2.18896	
12000.2	2.18886	
12100	2.18873	
12100	2.18877	
12100	2.18897	
12200	2.18883	
12200	2.18876	
12200	2.18878	
12300.1	2.18868	
12300.1	2.18886	
12300.1	2.18888	
12300.1	2.18892	
12400.1	2.18874	
12400.1	2.18886	
12400.1	2.18912	
12500.1	2.18888	
12500.1	2.18866	
12500.1	2.18899	
12600.1	2.18879	
12600.1	2.18871	
12600.1	2.18874	
12700.2	2.18874	
12700.2	2.18869	
12700.2	2.18877	
12700.2	2.18856	
12800	2.1886	
12800	2.18867	
12800	2.1888	
12900	2.18859	
12900	2.18878	
12900	2.18843	
13000.1	2.18854	
13000.1	2.18865	
13000.1	2.18867	
13100.1	2.18872	
13100.1	2.18865	
13100.1	2.1887	
13100.1	2.18878	
13200.1	2.18855	
13200.1	2.18851	
13200.1	2.18835	
13300.1	2.18842	
13300.1	2.18846	
13300.1	2.18841	
13400.2	2.1884	
13400.2	2.18843	
13400.2	2.1885	
13500.2	2.18851	
13500.2	2.18867	
13500.2	2.18847	
13500.2	2.18863	
13600	2.18876	
13600	2.18857	
13600	2.18852	
13700	2.18847	
13700	2.18838	
13700	2.18864	
13800.1	2.18863	
13800.1	2.18839	
13800.1	2.1885	
13900.1	2.18842	
13900.1	2.1885	
13900.1	2.18851	
13999.1	2.18723	
14000.1	2.1884	
14000.1	2.18844	
14000.1	2.18844	
14100.1	2.18821	
