Frequency - Plot 0	Phase - Plot 0	
1100,08	-1,02322	
1100,08	-1,05598	
1199,93	-1,03478	
1199,93	-1,08506	
1199,93	-1,01693	
1299,95	-1,03186	
1299,95	-1,07053	
1299,95	-1,02147	
1299,95	-1,08773	
1399,98	-1,10762	
1399,98	-1,08155	
1399,97	-1,07528	
1500	-1,10648	
1500	-1,01941	
1500	-1,06928	
1600,02	-1,0888	
1600,02	-1,0406	
1600,03	-1,08682	
1600,02	-0,928878	
1700,05	-1,0531	
1700,05	-0,909366	
1700,05	-1,00855	
1800,07	-0,939724	
1800,07	-1,00485	
1800,07	-0,873654	
1900,1	-1,01787	
1900,1	-0,908662	
1900,1	-0,942982	
1900,1	-0,960086	
1999,94	-0,904887	
1999,94	-0,923287	
1999,94	-0,887483	
2099,96	-1,04202	
2099,96	-0,954718	
2099,96	-1,05293	
2199,99	-0,870148	
2199,99	-1,04195	
2199,99	-0,967022	
2199,99	-0,984743	
2300,01	-1,06621	
2300,01	-0,960815	
2300,01	-0,99452	
2400,04	-1,0571	
2400,04	-0,91454	
2400,04	-1,00729	
2500,06	-0,812677	
2500,06	-0,997643	
2500,06	-0,875216	
2500,06	-0,795289	
2600,09	-0,815546	
2600,09	-1,0048	
2600,09	-1,07533	
2700,11	-0,997107	
2700,11	-0,998361	
2700,11	-0,83245	
2799,95	-0,910988	
2799,95	-1,00927	
2799,95	-0,861145	
2799,95	-0,955236	
2899,97	-0,963038	
2899,97	-0,828116	
2899,97	-1,10363	
3000	-0,837758	
3000	-1,00007	
3000	-1,01002	
3100,02	-0,909719	
3100,02	-0,895594	
3100,02	-1,01895	
3100,02	-1,04717	
3200,05	-0,806047	
3200,05	-0,81659	
3200,05	-0,844108	
3300,07	-0,991123	
3300,07	-0,823032	
3300,07	-0,933873	
3400,1	-0,755294	
3400,1	-0,968855	
3400,1	-0,910558	
3400,1	-0,862246	
3499,94	-0,833163	
3499,94	-0,910785	
3499,94	-0,889482	
3599,96	-0,84784	
3599,96	-0,789146	
3599,97	-0,898056	
3699,99	-0,781335	
3699,99	-0,844982	
3699,99	-0,873436	
3699,99	-0,76728	
3800,01	-0,841832	
3800,01	-0,877781	
3800,01	-0,850228	
3900,03	-0,828646	
3900,04	-0,743876	
3900,03	-0,8763	
4000,06	-0,929707	
4000,06	-0,870071	
4000,06	-0,726173	
4000,06	-0,878248	
4100,09	-0,747165	
4100,08	-0,814781	
4100,09	-0,82108	
4200,11	-0,740189	
4200,12	-0,760948	
4200,11	-0,691478	
4299,95	-0,797512	
4299,95	-0,725251	
4299,95	-0,743515	
4299,95	-0,877425	
4399,98	-0,88184	
4399,98	-0,590774	
4399,97	-0,890052	
4500	-0,785636	
4500	-0,718807	
4500	-0,712818	
4600,02	-0,680164	
4600,02	-0,638797	
4600,02	-0,72041	
4600,02	-0,708875	
4700,05	-0,804567	
4700,05	-0,769776	
4700,05	-0,737275	
4800,07	-0,786104	
4800,07	-0,708732	
4800,07	-0,719829	
4900,1	-0,668516	
4900,1	-0,730262	
4900,1	-0,628025	
4900,1	-0,769437	
5000,12	-0,6681	
5000,12	-0,698331	
5000,12	-0,666385	
5099,96	-0,833978	
5099,96	-0,747355	
5099,96	-0,715521	
5199,98	-0,727318	
5199,99	-0,62914	
5199,99	-0,767553	
5200,12	-0,914501	
5300,01	-0,757217	
5300,01	-0,716733	
5300,01	-0,736509	
5400,04	-0,751644	
5400,03	-0,664506	
5400,04	-0,700678	
5500,06	-0,730259	
5500,06	-0,650192	
5500,06	-0,544325	
5591,22	-117,494	
5600,09	-0,684453	
5600,08	-0,800195	
5600,08	-0,779607	
5700,11	-0,641144	
5700,11	-0,641062	
5700,11	-0,718655	
5800,13	-0,691631	
5800,13	-0,771441	
5800,13	-0,667881	
5847,21	-90,922	
5899,97	-0,613099	
5899,97	-0,629507	
5899,97	-0,806129	
6000	-0,564102	
6000	-0,503334	
6000	-0,658859	
6100,02	-0,648134	
6100,02	-0,675841	
6100,02	-0,600401	
6200,05	-0,671944	
6200,05	-0,627649	
6200,05	-0,46358	
6200,05	-0,673556	
6300,07	-0,622407	
6300,07	-0,61053	
6300,07	-0,750597	
6400,1	-0,699371	
6400,1	-0,623682	
6400,1	-0,648695	
6487,32	-124,668	
6500,12	-0,769775	
6500,12	-0,650301	
6500,12	-0,610344	
6599,96	-0,72584	
6599,96	-0,590792	
6599,96	-0,62907	
6699,99	-0,653925	
6699,99	-0,664258	
6699,98	-0,591791	
6800,01	-0,615098	
6800,01	-0,603245	
6800,01	-0,650922	
6800,01	-0,613366	
6900,04	-0,507043	
6900,04	-0,596254	
6900,04	-0,620992	
7000,06	-0,721794	
7000,06	-0,415339	
7000,06	-0,544884	
7100,06	-31,0786	
7100,09	-0,541226	
7100,08	-0,523055	
7100,08	-0,568311	
7200,11	-0,629255	
7200,11	-0,519329	
7200,11	-0,634592	
7300,13	-0,6477	
7300,13	-0,517218	
7300,14	-0,576352	
7399,97	-0,571401	
7399,97	-0,610726	
7399,98	-0,593311	
7399,97	-0,586924	
7500	-0,473117	
7500	-0,570247	
7499,99	-0,527292	
7600,02	-0,487778	
7600,02	-0,512981	
7600,02	-0,508403	
7700,05	-0,486707	
7700,05	-0,51218	
7700,05	-0,575066	
7700,05	-0,604179	
7800,07	-0,610878	
7800,07	-0,573141	
7800,07	-0,485488	
7900,09	-0,488378	
7900,1	-0,43212	
7900,1	-0,490089	
8000,12	-0,388682	
8000,12	-0,491837	
8000,12	-0,528211	
8000,12	-0,407997	
8100,15	-0,295275	
8100,15	-0,5619	
8100,15	-0,465149	
8199,98	-0,566797	
8199,98	-0,591589	
8199,99	-0,421884	
8300,01	-0,446335	
8300,01	-0,519039	
8300,01	-0,433763	
8300,01	-0,449003	
8400,04	-0,538082	
8400,04	-0,454906	
8400,04	-0,47656	
8500,06	-0,475683	
8500,06	-0,488029	
8500,06	-0,350123	
8600,08	-0,359677	
8600,08	-0,535156	
8600,08	-0,556413	
8600,08	-0,42309	
8700,11	-0,523355	
8700,11	-0,444726	
8700,11	-0,405462	
8800,14	-0,443981	
8800,14	-0,499252	
8800,13	-0,422111	
8900,16	-0,458958	
8900,16	-0,425334	
8900,16	-0,361367	
8900,16	-0,529198	
9000	-0,405786	
9000	-0,405373	
9000	-0,396211	
9100,02	-0,471282	
9100,02	-0,436517	
9100,02	-0,44	
9124,14	-47,5659	
9200,05	-0,44731	
9200,05	-0,399122	
9200,05	-0,398651	
9300,07	-0,491004	
9300,08	-0,456963	
9300,07	-0,440502	
9400,09	-0,386983	
9400,09	-0,375387	
9400,09	-0,451708	
9500,12	-0,204374	
9500,12	-0,499063	
9500,12	-0,394586	
9500,12	-0,420549	
9600,15	-0,376804	
9600,14	-0,281068	
9600,15	-0,401437	
9699,98	-0,483091	
9699,99	-0,553954	
9699,99	-0,395727	
9749,79	-92,041	
9800,01	-0,360672	
9800,01	-0,451383	
9800,01	-0,322219	
9900,03	-0,467882	
9900,04	-0,312367	
9900,04	-0,318586	
10000,1	-0,421238	
10000,1	-0,295891	
10000,1	-0,550897	
10100,1	-0,276614	
10100,1	-0,313411	
10100,1	-0,394452	
10100,1	-0,507797	
10200,1	-0,265139	
10200,1	-0,461994	
10200,1	-0,349691	
10300,1	-0,302275	
10300,1	-0,367907	
10300,1	-0,370719	
10400,2	-0,398792	
10400,2	-0,320449	
10400,2	-0,385836	
10400,2	-0,339701	
10500	-0,344087	
10500	-0,365773	
10500	-0,474702	
10600	-0,343276	
10600	-0,416039	
10600	-0,298562	
10700	-0,302254	
10700	-0,300925	
10700	-0,44604	
10700	-0,446151	
10800,1	-0,34004	
10800,1	-0,456997	
10800,1	-0,291934	
10900,1	-0,291204	
10900,1	-0,177787	
10900,1	-0,337667	
11000,1	-0,22167	
11000,1	-0,339095	
11000,1	-0,430251	
11000,1	-0,433575	
11100,1	-0,160863	
11100,1	-0,267853	
11100,1	-0,174159	
11200,2	-0,166183	
11200,2	-0,221503	
11200,2	-0,323171	
11300	-0,255628	
11300	-0,222943	
11300	-0,420271	
11300	-0,113546	
11400	-0,270343	
11400	-0,279668	
11400	-0,37274	
11500,1	-0,110098	
11500,1	-0,277174	
11500,1	-0,325544	
11600,1	-0,22406	
11600,1	-0,39082	
11600,1	-0,237849	
11600,1	-0,404328	
11700,1	-0,203991	
11700,1	-0,251742	
11700,1	-0,3164	
11800,1	-0,422827	
11800,1	-0,273909	
11800,1	-0,384884	
11900,2	-0,297227	
11900,2	-0,288126	
11900,2	-0,257579	
11900,2	-0,212875	
12000,2	-0,305808	
12000,2	-0,273632	
12000,2	-0,374113	
12100	-0,137317	
12100	-0,179016	
12100	-0,258951	
12200	-0,170319	
12200	-0,295692	
12200	-0,148111	
12200	-0,30315	
12300,1	-0,338992	
12300,1	-0,172267	
12300,1	-0,25289	
12400,1	-0,115664	
12400,1	-0,150773	
12400,1	-0,106889	
12500,1	-0,129489	
12500,1	-0,23351	
12500,1	-0,234147	
12500,1	-0,254641	
12600,1	-0,137684	
12600,1	-0,09547	
12600,1	-0,36543	
12700,2	-0,146975	
12700,2	-0,163948	
12700,2	-0,154063	
12800	-0,280842	
12800	-0,151239	
12800	-0,254948	
12800	-0,247191	
12900	-0,286673	
12900	-0,103811	
12900	-0,31602	
13000,1	-0,122383	
13000,1	-0,105655	
13000,1	-0,239166	
13100,1	-0,131101	
13100,1	-0,146775	
13100,1	-0,00387666	
13100,1	-0,329712	
13200,1	-0,0217928	
